 my_form=           2
 type_cur=           0
 U_1=   5.00000000000000     
 L_1=  0.100000000000000     
 N_1=  1.509479534433922E-005
 Radius=   3.20000000000000     
 lambda_z=  1.800000000000000E-002
 Re=   33123.9999346866     
 Go2Re_base=  3.125000000000001E-002
 Go_base=   2.38484800236676     
 Pr=  0.720000000000000     
 Blambda=   447.173999118269     
 beta=   34.9065850398866     
 beta_fs=  0.000000000000000E+000
 amp_gv=  1.000000000000000E-003
 freq_gv=   5.00000000000000     
 omega_gv=  0.628318530717959     
 imax=         825
 jmax=         297
 dx=  2.000000000000000E-002
 dy=  5.000000000000000E-004
 stf=   1.01000000000000     
 dt=  6.103515625000000E-004
 stpp=       16384
 tt=      163840
 np=          10
 i0=           1
 i1=          10
 i2=          26
 i3=         755
 i4=         785
 kfour=           2
 kphys=           4
 Não simula o baseflow2D
